8.33088771084161E-02   2.69054000000000E+04
9.53545860835399E-02   1.91636000000000E+04
1.12099724094250E-01   1.31997000000000E+04
1.28154946257083E-01   9.88560000000000E+03
1.46031262372459E-01   7.54150000000000E+03
1.62657129900132E-01   6.11100000000000E+03
1.82555632260360E-01   4.90140000000000E+03
2.03640691079887E-01   4.03394000000000E+03
2.29473564937321E-01   3.29995000000000E+03
2.59463738445623E-01   2.71700000000000E+03
2.90006594003984E-01   2.30451000000000E+03
3.09830294018621E-01   2.09565000000000E+03
3.30164823134913E-01   1.92032000000000E+03
3.68376317351819E-01   1.65899000000000E+03
4.17757774445323E-01   1.41413000000000E+03
4.75450434218381E-01   1.20973000000000E+03
5.34205708230948E-01   1.05888000000000E+03
6.09096140392607E-01   9.18550000000000E+02
6.84728927652620E-01   8.14290000000000E+02
7.64268481265832E-01   7.30750000000000E+02
8.55023380775146E-01   6.58900000000000E+02
9.50895682947592E-01   5.97730000000000E+02
1.04796568623906E+00   5.49210000000000E+02
1.15023980519526E+00   5.07242115988716E+02
1.20044848170175E+00   4.89710325032790E+02
1.30026009851232E+00   4.59432056380153E+02
1.40012980214793E+00   4.33661795164824E+02
1.60059826240027E+00   3.92223664148279E+02
1.80049084772844E+00   3.60456072526330E+02
2.00080764578010E+00   3.35076639735518E+02
2.19959787592409E+00   3.14438653067177E+02
2.39797677688968E+00   2.97243376716487E+02
2.59827314428672E+00   2.82521668426605E+02
2.79927013456015E+00   2.69793743357859E+02
2.99863619078533E+00   2.58810974791594E+02
3.20008084351118E+00   2.49039834557149E+02
3.39938256818902E+00   2.40442774046396E+02
3.60012759366177E+00   2.32675136768921E+02
3.79976208246100E+00   2.25728017744825E+02
4.00040324317137E+00   2.19381617600923E+02
4.19917532938777E+00   2.13642436274645E+02
4.60344876224643E+00   2.03418777195115E+02
5.00300215744397E+00   1.94726771566350E+02
5.50630404211011E+00   1.85409329548222E+02
6.21106214985961E+00   1.74682455829121E+02
7.02226734367708E+00   1.64640162456690E+02
8.03181684374006E+00   1.54585339441918E+02
9.03669594096975E+00   1.46508874661895E+02
1.00465358493030E+01   1.39759047398175E+02
1.10605112242645E+01   1.33992485838647E+02
1.20712184100349E+01   1.29020347316195E+02
1.30769122256133E+01   1.24695433583639E+02
1.40781647230414E+01   1.20873375169843E+02
1.50747118171529E+01   1.17457268015663E+02
1.60663885135203E+01   1.14369907714273E+02
1.70538054054711E+01   1.11574084428815E+02
1.80439296507374E+01   1.09001058133420E+02
1.90323010586872E+01   1.06618163471487E+02
2.00241041045987E+01   1.04403355984769E+02
2.11147489758338E+01   1.02135079656007E+02
2.27086870799184E+01   9.91082363845842E+01
2.43057058605765E+01   9.63523784869000E+01
2.58932966053806E+01   9.38545356326651E+01
2.75024697829668E+01   9.15231747835177E+01
2.91043728511196E+01   8.93894069309541E+01
3.09181064324410E+01   8.71393826319862E+01
3.30209384825292E+01   8.47592318645453E+01
3.60236627501631E+01   8.16815942176840E+01
3.90143774239371E+01   7.89467831232896E+01
4.20109592600852E+01   7.64812122822136E+01
4.50042259502759E+01   7.42459298286384E+01
4.80134520234642E+01   7.21993018316214E+01
5.00075834065344E+01   7.09355955142366E+01
5.50111299144705E+01   6.80593690432531E+01
6.00181382806004E+01   6.55221824170561E+01
6.50163660648106E+01   6.32685432609798E+01
7.00102867854242E+01   6.12505409455370E+01
7.50014847717456E+01   5.94249276579077E+01
7.99986988255323E+01   5.77512105566958E+01
8.49960051065477E+01   5.62196017387034E+01
8.99916250556717E+01   5.48040113035096E+01
9.49883345765475E+01   5.34932161699784E+01
9.99922033652112E+01   5.22693156809275E+01
1.09988170288539E+02   5.00510991760213E+01
1.19985002665132E+02   4.80865797674134E+01
1.29975620411438E+02   4.63292313461095E+01
1.39974932827923E+02   4.47354901095701E+01
1.49969922723150E+02   4.32876229884576E+01
1.59973351616073E+02   4.19646140783510E+01
1.69976491379524E+02   4.07495879852731E+01
1.79979419109566E+02   3.96255476171882E+01
1.89973168954506E+02   3.85893259380991E+01
1.99977081868728E+02   3.76259672377068E+01
2.09987968282014E+02   3.67292519925702E+01
2.19988057220893E+02   3.58929169652549E+01
2.29980135071539E+02   3.51139993267939E+01
2.39995234766756E+02   3.43809769030363E+01
2.49992447528886E+02   3.36950280558840E+01
2.59998119316016E+02   3.30533994077931E+01
2.70003633666908E+02   3.24463723161344E+01
2.80010620722027E+02   3.18759957541502E+01
2.90020259957704E+02   3.13360204849919E+01
3.00036009178383E+02   3.08298481520599E+01
3.10050093447695E+02   3.03483214696022E+01
3.15062852961347E+02   3.01189669586812E+01
3.20060566189795E+02   2.98940732522021E+01
3.26054759201460E+02   2.96342205838687E+01
3.30056950796937E+02   2.94655059636878E+01


