2.50000000000000e-01   2.12700000000000e+03
2.60000000000000e-01   2.06100000000000e+03
2.70000000000000e-01   2.00800000000000e+03
2.80000000000000e-01   1.95600000000000e+03
2.90000000000000e-01   1.90700000000000e+03
3.00000000000000e-01   1.86200000000000e+03
3.10000000000000e-01   1.82200000000000e+03
3.20000000000000e-01   1.77400000000000e+03
3.30000000000000e-01   1.73700000000000e+03
3.40000000000000e-01   1.70000000000000e+03
3.60000000000000e-01   1.62600000000000e+03
3.80000000000000e-01   1.55400000000000e+03
4.00000000000000e-01   1.48600000000000e+03
4.50000000000000e-01   1.33400000000000e+03
5.00000000000000e-01   1.20900000000000e+03
6.00000000000000e-01   1.01600000000000e+03
7.00000000000000e-01   8.82400000000000e+02
8.00000000000000e-01   7.84500000000000e+02
9.00000000000000e-01   7.09500000000000e+02
1.00000000000000e+00   6.50100000000000e+02
1.10000000000000e+00   6.02000000000000e+02
1.20000000000000e+00   5.62300000000000e+02
1.30000000000000e+00   5.28900000000000e+02
1.40000000000000e+00   5.00300000000000e+02
1.50000000000000e+00   4.75700000000000e+02
1.60000000000000e+00   4.54200000000000e+02
1.70000000000000e+00   4.35300000000000e+02
1.80000000000000e+00   4.18500000000000e+02
1.90000000000000e+00   4.03500000000000e+02
2.00000000000000e+00   3.89100000000000e+02
2.20000000000000e+00   3.66800000000000e+02
2.40000000000000e+00   3.47900000000000e+02
2.60000000000000e+00   3.31800000000000e+02
2.80000000000000e+00   3.17800000000000e+02
3.00000000000000e+00   3.05700000000000e+02
3.20000000000000e+00   2.94900000000000e+02
3.40000000000000e+00   2.85400000000000e+02
3.60000000000000e+00   2.76900000000000e+02
3.80000000000000e+00   2.69300000000000e+02
4.00000000000000e+00   2.62300000000000e+02
4.20000000000000e+00   2.56100000000000e+02
4.40000000000000e+00   2.50400000000000e+02
4.60000000000000e+00   2.45200000000000e+02
4.80000000000000e+00   2.40400000000000e+02
5.00000000000000e+00   2.35500000000000e+02
6.00000000000000e+00   2.17800000000000e+02
7.00000000000000e+00   2.06300000000000e+02
8.00000000000000e+00   1.97700000000000e+02
9.00000000000000e+00   1.90700000000000e+02
1.00000000000000e+01   1.84300000000000e+02
1.50000000000000e+01   1.57200000000000e+02
2.00000000000000e+01   1.36900000000000e+02
2.50000000000000e+01   1.22100000000000e+02
3.00000000000000e+01   1.11000000000000e+02
3.50000000000000e+01   1.02500000000000e+02
4.00000000000000e+01   9.57900000000000e+01
4.50000000000000e+01   9.04600000000000e+01
5.00000000000000e+01   8.61200000000000e+01
5.50000000000000e+01   8.25600000000000e+01
6.00000000000000e+01   7.99800000000000e+01
6.50000000000000e+01   7.68800000000000e+01
7.00000000000000e+01   7.42100000000000e+01
7.50000000000000e+01   7.19200000000000e+01
7.70000000000000e+01   7.08900000000000e+01
8.00000000000000e+01   6.94400000000000e+01
9.00000000000000e+01   6.53200000000000e+01
1.00000000000000e+02   6.19700000000000e+01
1.10000000000000e+02   5.91700000000000e+01
1.20000000000000e+02   5.67500000000000e+01
1.30000000000000e+02   5.46200000000000e+01
1.40000000000000e+02   5.27000000000000e+01
1.50000000000000e+02   5.09400000000000e+01
1.60000000000000e+02   4.93200000000000e+01
1.70000000000000e+02   4.78200000000000e+01
1.80000000000000e+02   4.63900000000000e+01
1.90000000000000e+02   4.50600000000000e+01
2.00000000000000e+02   4.37900000000000e+01
2.10000000000000e+02   4.25800000000000e+01
2.20000000000000e+02   4.14200000000000e+01
2.30000000000000e+02   4.03100000000000e+01
2.40000000000000e+02   3.92400000000000e+01
2.50000000000000e+02   3.82200000000000e+01
2.60000000000000e+02   3.72300000000000e+01
2.70000000000000e+02   3.62700000000000e+01
2.80000000000000e+02   3.53500000000000e+01
2.90000000000000e+02   3.44500000000000e+01
3.00000000000000e+02   3.35900000000000e+01
